1212122222222222222223232333233233233233233233233232323222212121121111111111111111111111111111111212122232323232322222222212121212121221221221221221212122222232
2121221221221222222222223232323232323232323232323232323222221211211211212112112112111111111121121121212223232323222222222121212121212121212212212121221212121323
1212212222212222222222322323232323232323232323232323232322212121112111111121111111112111111211111211212232323232232222221222121212121212122122121212112122222223
2121212221222222222222223232332332323232323232323232323222121211211111121111111111111111111111121112122232322323222222222121212121212121212212121212121212122232
1212122122222222122222222323323232332323232323232323232322212112111112111111112111121111111111111211212223232322322222212212121212121212121221212121212121222223
1121221222222221222222222232332323232332323232323232323222221211111211111112111111111111111111112112122232323232232222221211212112112121212121212112121212212323
1212122222222222222222222323232332323232332323232323232322212112112111111111111111111111111111111121212323232232322222212121211211211212121212121211211121222232
1121212121221222222222222232323232332323232332323232323232121211111111111111111111111111111111112111212232322323222222122121121121121211212121212121112212122323
1211212212212221222222222223232323233233323232332323232322212111111111111111111111111111111111111121122323223232222222212121211212112112121212121112121121223232
1121212122122212222122222222323332323232323323232332323232121121121111111111111111111111111111111211212232232323222222121212112111211121211211211211112122222232
1212121212122222221322222223232323232332332323323232332322212111111111111111111111111111111111111112122323232232222221221211121121112112112112112112121212123223
1121112121212122122222222222233232333233223232323323232322221121111111111111111111111111111111111121122232323232222222212112111211121121121121121121111121222323
2112121121212212222221222222322323323232332323232323232322212111111111111111111111111111111111111111212323232322322221211211121111211211111211211111212121223232
1121111211121221222122222222223233232323323332332332323232211211111111111111111111111111110111111112122232322323222212121121111211111111212111111211111212222323
1211212112121212212222222222223323233233232323233232332322221111111111111111111111111101101111111111212323223232222222121211121111111121111112112111212121232232
1111111121112121222222222222222232332332323232323233232323121211111111111111111111011011111110111112122322323223222212112111211111211211121111111111111212223223
1211211211211212121221221222223233232323232333232323232332212111111111111111110110111111101111111111213232323232222121211112111112111111111121112111121121322323
1112111111121121212212222222222232323323323323323332323232221211111111101111011111111011011101111111213223232322222222121211111111111111111211111111211212223232
1121111211211212122122222222222223233233233232332323233323212111111111011101111101101110111011111112122323223232222211211111111111111111112111111111112122232223
1211111111112111212212222212222232332332323233233233332333221211111110111111110111111101110111111111122232323223222122112111111111111111111111111111111212222323
1111111111121112121221222122222223232323233323323333233323212111111111111011011110110111101110111112122323232322222211211111111111111111111111111111121122232232
1111111112111111112122122222222222323332332332333323332332321211111110110111110111101101011101111111122322323232222122111111111111111111111111111111111222223223
1111111111111121121212221222122122323233233233233233233233212112111101111110101101011111110111111111213232322322221221121111111111111111111111111111112122232232
1121111111111111211212122222222222233232323332332333323332321211111111101011111111110101011011011111122323232232222212111111111111111111111111111111121222322322
1111111111111111112121212221222222223323332323333323233233221121111101111110101010101110110110111111222232322322222121121111111111111111111111111111111222223223
1111111111111111121112121222221222232332323333323233332332321211111111010111111111111011101101111111122323223222221212111111111111111111111111111111112122322232
1111111111111111111211212212212222223233233232333332323323222112111101111101010101010110110111111111213232232232222212111111111111111111111111111111121223223222
1111111111111111111112112122222212222323332333323233333233321211111111010111111011101101101101011111122322322322221221111111111111111111111111111111111232232232
1111111111111111111121121221222122222323233323233323232332322112111101111010101110111011011011111111222223223222222121211111111111111111111011101111112222322322
1111111111111111111111112112221222222233323233332332333233222121111011101111011011010110110110111111122322232222221212111111111101111110111111011111121232223223
1111111111101111011111211212212221222232332332323233232323231211111111011010110110111011011011111111213223222322222211111111110111111111111110111111112222322323
1111111011011110111111112121222212222223233323332332323332322111111110110111101101101101101101011111122232232222222121211111111111111011110111111111112232232232
1111101111111101111111111112121222212223323233233323233223221211111101101101011011010110110110111111212322322222221212111111011111011111101111011011122222322322
1101111110110111111111111121212221222222332332332332322322212121111111011011010110101101011011111111122223222232222121111111111101111111011110111111112232223223
1111101101111110110111111111122122212222323323323223223221222111111101110110111011011010101101101112122232222322221211111111110111110110111101110111122322322232
1011011111101101111101111112121221222222233233232322222212212121111111011011010101101011011011011111212322232222222121111111011111101111111011101111122223232323
1110111011011011101111111111212122121222232323232222222121212121111101101101101010110101101101111112122223222222221212111111111110111110110111011111122232223232
1011110111110111011011011111121212212222223232322212121212121211111110110110101101010110110111111111212232232322222121111110111011111011101110111111122222322322
1111101110111101110110111111212122122212222322222121212121212112111101101010110101101011011010111112122223223222221211111111111111101111011101111111222223232232
1011011101101011011101111111111212212122222222212222121212121211111111011101010110101101010111111111212232323222222121111111110111011101111011111111122232223323
0111111011110110101011010111112121221222222222222121212121212121111101101010101010101010111011011112122223232232221211111111101111111011101111101111221222323232
1110101110101101110110111101111212122212222222222222121212221212111110110101101101010101101110111111212232323222222112111111011110110111011101111111212223232232
1011111011111011011011010111111121212122212222222121212122121211111101101011010110101011010101111121222223232322221211111111111111101110111011111111211222322323
0111010110101101101101101010111112121222122222222222122212121212111111010110101010110110101111111112122232323222221211111110111011011101110111011111212223223232
1110111011011010110101010111111121212121222222222121212121211121111101101101011011010101011010111112122223232322221111111111110111110111011101111111322222232323
0101101101110111010110101101011111212122222222222212121212112121211111011010101010101010101101111112222232323222212121111111111110101101110111110112232222322232
1111011011011010101010110101111112121212212222221212121121111212111110110101010101010101010111101121212223232222121211111111101111111011011101101111323222223223
0101110110101101010101010110101111212122122222221211211211121121121101101110101010101010101101011112122232222222212111111111011110110111110111111112232212222232
1011011101110101101101101010111111121221222222221121112111111212111111110101011011010101011011111111212222222221212111111101111101101110101101111112223000112223
0110110110101010101010101011010111212122222222222112111112112121211111011010101101010101101110111112121212222212121111111011111111111011111011111112232201122232
1011101010101011010101010100101111121221222222222211111211121212111101101101010101010101010101111111112121212121211111111111101101101110110111111112223110122222
0101010101010101010101010101010111112122222222232121211111212121111111010101101010101010111011011111111212121212111111111111011111011011011111111112232100112222
1011011011011010101010101010101111121222122222322322112112121211111010111010110101010101101101110111111111112111121111111011111101110110110101111112223101122222
0101101101010101010101010101010101111212222223223222121121212111111111010101011011101011010110101111111111211112111111110111011011101111101111111121323211122222
1010110010101010101010101010101011112121222222232222221212121111111010101011101101010110101010111011111111111111111111111110111111011101011111111112232222222232
0101010101010101010101010101010110111212222222322232212212111211110111011101010101011010101101010111011111111111111111101101111011111111111111111112232222222322
1010101010101010101010101010101011111121121222222222121121111111101101101010101010101010110101101110111101111111111111011111110111111011111111111112232311122222
0101010101010101010101010001010101111111212121212121211211111111011010101010101101010101001010111011110111110110111101111011101111111111111101111112232111122222
1010101010101010101010100110101011011111111212111211111111111110110101010101010010101010110101101101011101101101110111110111111111011111111011111121323211122222
0101010101010101010100010101010101011111111111111111111111101101101010101010101101010101010110101011101011011011011101101110111101111111111111111112232201223222
1010101010101010100010101000101010110111111111111111111110111010101010100101010101010101010101011101011110110110110111011101101111111111110111111121323212222222
0101010101010101001010010010100101011011111111111111110101101011010101010010101010101010101010110110110101101101101101110111011110111111101111111112232322223222
1011010101010010010100100101001010101101101110101011011011010101010100101010101010101010101010101011011011011011011011011010111011111101111111111112223222232222
1101101010101010101001010100101010110110110101110110110110101010101010010101010101010101010101010101101101010101010110101101110111111011111110111112232322222222
1110101010100101000100101001010101010101011011011011011010101101010001001000101010101010101010101010110110101010111011011011011110110111111011111112222223232322
2101010101010100101010100101001010101010101010101101101010101010100100100101010101010101010101010111010101010101100101101101101101111111110111111111212322322222
2111101010101010010001010010101010101010101101010101010101010100010010010010001010101010010010101010101010101010101010110101011011101111011111101111122222232232
3211010101010001001010101010010101010101010101101010101010101001001000100100101001010100101010101101010101010101010101010110110111111110111101111111111122223222
2321101010101010100101000101010101010101011010101101010101010010010010001001010100100010100101010010101010101010101010101011011110111011111011101111111212222232
3221110101010101010010101010101010101010101010110010101010001001000100100010001010010101010100101101010101010101010101010101010101110111101111011101111121222222
2322111010101010001010010101010101010101010101010101010100100100101000001001010001001001001010101010101010101010101010101010111011101110111010111011111111121222
3232210101010100110101010101010101010101010101010101001001010010000001010010001010100100100101010010010101010101010101010101101101011101101111110111011111112122
3223221101101010101010101010101010101010101010101010100100100100010010000100100100010010010100100101010010101010101010101010101011110111011010101101110111111212
3232321110101010100101010101010101010101010101010101010010001000100100010001001001001001001001001010100101000101001001010101010110101101110101110110101111111111
2323222101010101010100101010101010101010101010101010001001010010000000100010010000100010010010010100010100101010010100100101101010110110101110101101111101111111
3232322111101010101010101010101001010101010101010001010010000100010010000100000101001000100100100010100010010001010010010010101101011011011011011010101011111111
3232232211010101010101010101010101001010101010100100100100101000100000010000100000000010001000001001001001001010100101001010101010101101101010101011011110101111
3232323211011010101010101010101010101001010101001010001001000001000100100001000100100100010001010010010010010001001000100101010101010110101010101010110101111011
3223232211101010101001010101010010010101001000101001010010001010000000000100001000001000100000000100100100100100010010010000101010101010101010101101011011010111
2332322211010101010101001001001001001010010010010010000100010000010001000000010000100001000010010001000000001001000100100101000100101010100101010010101101101101
3223232311110101010010101010010010010001001001001000101000100010000010001001000001000010000100000100001001000010010001001000010010010101010101010101010110101011
3232323221011010101010010100100100100100100100100010000010000100001000000000000010000000001000100000100000010000100100010010100100100010001010101010101010110110
3232322221101010100101001001001001001001001001001000100100001000010000000010001000000100010000001001000010000100000001000100001001001000100100010101010101011010
2323232321110101010100100100100010000010010010000010001000100000100000100000000000001000000001000000000100000000100100001000100010010010010001001010101010101101
3232323222101010101001010010010100010100000100010100000000000001000001000000010000010000000010000010001000001000000000100001001000100100100100100101010101010101
3232322322010101010010001001000001000001010000100000100010001000000010000001000001000000010000000100000000000000001001000010000010001001001001001000101010101010
2323232232111010100100100100101010010010000100000001000000000000000100000000000000000000100000000000000000000000100000001000001000010000010010010010100101010101
3232323222110101010010010010000000100100010001001000000000010000000000000000000000000000000000001000000000000000000000000000010001000010000000100100101010101010
3232322323111010101001001000101010000000100010000000000100000000010000000010000100000100000001000000000100000001000000010001000010000100100101000001010001010100
3232323232110101010010100101000000101001000100001001000000000000000000000100000000010000000000000000000000000000000000000000000000010000001000001010001010001001
2323232322211010100100010000010101000010001000010000000000000000100000000000000000000000010000000000000000000000000001000010001000100001000001000100100100100101
3232323223210101010010100101000000001000010000100000001000000010000000000000000000000000100000000000000000000000000000000000000001000010001000010001001001010010
3233232232211010100100001000010010010001000001000001000000000000000000000000000000000000000000000000000000000000000000000000000010000100010001000100010010001000
2323223232211101001001010001000100000010000100000010000000000100000000000000000000000100000000000000000000000000000000000100010000000000000010001000100000100100
3232323223220100100100100010001000100100001000000100000000000000000000000000000000010000000000000000000000000000000000000000000000001000100000010000000101001000
3323232322220101010010000100010000001000010000010000000000000000000000000000000100000000000000000000000000000000000000000000000001000001000100000001001000010010
3232323232221010001000101000100010000000100000100000000000000000000000000000000000000000000000000000000000000000000000000000001000000000000000100010000010100100
2323232322221010100101000001000000010001000001000000000010000000000000000000000000000000000000000000000000000000000000000000100000001000001000000100001000001000
3232323222221100010000010010000100100000000100000000010000000000000000000000000000000010000000000000000000000000000000000000000000010000100000000000010001000000
3232322232222010100101000000001000000010000000000000100000000000000000000000000000000100000000000000000000000000000000000000000000000000000001001000000010001000
3232323222222101001000001000010000000000001000000001000000000000000000000000000000000000000000000000000000000000000000000000000000100000000010000000100000010000
2323222222322100100001000001000000001000000000001000000000000000000000000000000000000000000000000000000000000000000000000000000100000001000000000000000100100000
3232323232222110001000010000000000010000010000010000000000000000000000000000000000000000000000000000000000000000000000000000010000000000000000000001000000000010
3232232222222201010001000010000000100000000000000000000000000000000000000000000000000000000000000000000000000000000000000000000000000100000100000100000001000100
3232322232222210100010000000000010000000000000000000000000000000000000000000000000000000000000000000000000000000000000000000000000001000000000000000000100000000
3232223222222220001000001000000100000000000000100000000000000000000000000000000000000000000000000000000000000000000000000000000000010000000000000000000000000000
2322322232222221100000100000001000000000001000000000000000000000000000000000000000000000000000000000000000000000000000000000000000000000000000001000000000001000
3232232322222221100100000000010000000000000000000000000000000000000000000000000000000000000000000000000000000000000000000000000000000000001000010000000100010000
3222322222222222101000000000100000000000000000000000000000000000000000000000000000000000000000000000000000000000000000000000000010000000010000000000000000000000
2232223223222222110001001000000000000000000000000000000000000000000000000000000000000000000000000000000000000000000000000000000000000010000000000000000000000000
3222322232222222210100000000000000000000000000000000000000000000000000000000000000000000000000000000000000000000000000000000000000000100000000000000000000000000
2232223222222222221000000000000000000000000000000000000000000000000000000000000000000000000000000000000000000000000000000000000000000000000000000000000000000000
2322222222222222221010010000000000000000000000000000000000000000000000000000000000000000000000000000000000000000000000000000000000000000000000000000000000001000
2223223222232222222000100000000000000000000000000000000000000000000000000000000000000000000000000000000000000000000000000000000000001000000000000000000000000000
2222222232222222221101000000000000000000000000000000000000000000000000000000000000000000000000000000000000000000000000000000000000000000000000000000000000000000
2222222222222222222010000000000000000000000000000000000000000000000000000000000000000000000000000000000000000000000000000000000000000000000000000000000000000000
2122222222222222222100010000100000000000000000000000000000000000000000000000000000000000000000000000000000000000000000000000000000000000000000000000000000000000
1221222222222222222001000000000000000000000000000000000000000000000000000000000000000000000000000000000000000000000000000000000000000000000000000000000000000000
2121212122222222222100001000000000000000000000000000000000000000000000000000000000000000000000000000000000000000000000000000000000000000000000000000000000000000
1212122222222222222100000000000000000000000000000000000000000000000000000000000000000000000000000000000000000000000000000000000000000000000000000000000000000000
