1211211211211211111121111111111111111111111111111111111111111111111111111111111111111111111111111111111111111111111111111111111111111111111111111111111111111111
2121121212121121212111212112111111111111111111111111111111111111111111111111111111111111111111111111111111111111111111111111111111111111111111111111111111111111
1212112111211211121121111121121121111111111111111111111111111111111111111111111111111111111111111111111111111111111111111111111111111111111111111111111111111111
2121212121121121211211212111211111111112111111111111111111111111111111111111111111111111111111111111111111111111111111111111111111111111111111111111111111111111
1212121121212112112112111211111211121121111111111111111111111122221212111111111111111111111111111111111111111111111111111111111111111111111111111111111111111111
2121212121211211211211212112121111211111111111111111111111111212122122122222122121111111111111111111111111111111111111111111111111111111111111111111111111111111
1212121212112121212121121121112112111112111111121111211121112122221221221212212212222222122112111111111111111111111111111111111111111111111111111111111111111111
2121212121212112121212112112121121111211112111211111111211121122122222212221221221212121221222122221111111111111111111111111111111111111121111111111111111111111
1212121212121212112111211211211211121111211121111121112111111222222212222122212212222222212221222121111111111111111111111111121111211211211111111111111111111111
2121212121212121212121121121121112111212111211112111121112112122212222222222122222212221222212221221111111111111111111111112111121111111111111111111111111111111
1212121212121212121212121212112121121121112111211112111121121222121121121212221212122222221222222221111111111111111111111121111111111121211111110111111111111111
2121221221212121212121212121211211211211211121112121112111212132212121212121111121212121222222222221111111111111111111111111112111121112112111111111111111111111
1222121212121212121212121212122121212112112112121111211212112222121212121221212111121212112112121221111111111111111111111111211121211211121111111111111111111111
2121212121212121212121212121211212111211211211211212112111212221212121212121211212112121121121212211121112111111211111121112111211112121111110111011111111111111
2212122212221212121212121212121121121212121121112121121121212222222212121212121211221212121212122121111121111112111111211111121111211211212111111111111111111111
1221221221212121212122121211212212121211211212121112121212121222121221222222122122122121212121222111211211111121111111111111211212121121121101110111111111111111
2212212122121212121221212121212121212121212121212121212121212222212121212111111111121222122222221121112111112111111111111111111112112212111111111111101111111111
2122122212212221222121212122121212121212121212121212121212122222121212121211111111121111212121221211211111211111111121112111111221121212112111101111011111011111
2221221221221212212122121212122121212121212121212121212121212222212221212121111101111121121212212112112112111112112111111111111211212121111111011110111111111101
2122122122212221221212212212211212121212121212121212121212122222222122122212121121212112121222121121121121112121111111211111112112121212112110111111111101111011
2221221222122122122122122121212121212121212121212121212121222222222221222121111112121221212221211211211111121111121121111211121121221211121111111101111011110111
2122212221221221221221221212221222121212121212121212121212222222222222221211100001011112222221212112112112111211211111121111111212121121211111110111101111101111
2221222212222212222212212222122121212122122121212121212122222222222222222121100010011121212212111211211121112112111211211111212121212112111111111111011110111111
2212222122212122212122122121221212212212212122121212121222222222222122222212212101210121222211212112112111121111112111111121111121211211111111111110111011110110
2122221222122222122221221222212221221221212212122122122222222222221222221222221121212212222121121121121112111111211111211111121121121121112111111111111111011101
2222212222222212222122222212122122122122121221212211222221221212222221212221211102121223221212112112111121111121111111111111111112112111111111111111111110111011
2222122221222222212222121222221221221212212212121212221222212122222222222212210000102222221211211211121111111111111111111111110121211111111111111111111111111111
2222222222222122222222222212212212212221222122212122122221221221222222212222110000212222312121212112111111111111111111111110101112111111121111111111111111111111
2222222222222222222212222122122222222122212212122212222212122121222221222212110001122323221212111211111111111111111111101001010111111111211111111111111111111111
2222222222222222222122221222222121212221221221221222212122212121212212121222211111132232312121121112112111111111110101010101010011111111111111111111111111111111
2222222222222222212222222222212222222122212212212212221221221212121121212122121112123232212112112121111111111110101101010010101010101111111111111111111111111111
2222222222222222222222222222122222122221222122122132222212212211212121212121212222222322121211211211121111111101110100101001010101010010111111111111111111111111
2222222222222222222222222222222212222212221222221222222122122121111110101111221212222222212121212111211111111011001010100101001010101010101111111111111111111111
2222222222222222222222222222222222222222222222122222221212121110110000000001112222222121212112121121111111110110110101001010010101001010010010101110110111011111
2222222222222222222222222222222222222222221221222222121111110000000000000000011222221212121212112111211111111101010100100100101010010101010101010101111111111111
2222222222222222222222222222222222222222212222221211110001000000000000000000001122222221212121211212111111110111101011011010100111201101010101010101011111111111
2222322232222222222222222222222222222222222222212211101000000000000000000000000112222212121212121211121111111110111101101011011112121111101010101010101111111211
2222222322223222222222222222222222222222222222122111010000000000000000000000000011222221212212121212112121111111111011111110111222221121110101010101011011112111
2222223222222223223222322222222222222222222221221201000000000000000000000000000001222212221221212121221111211111111111111112221222212211101010101010101111121121
2222322222322322222223222223222222222222222222222110100000000000000000000000000001122222122122221222121212121212112111111221222222221111110101010101010111211112
2222222232223222232232222322222322222222222222221101000000000000000000000000000000122221221221212212212121212121211212121222222222222111101010101201101111112121
2223223222322223222322223222232222322222222222222110000000000000000000000000000000212222212212222122121221212121212121212122222222222111010101022121010111121121
2232222223223232232222322223222222222232222222222000000000000000000000000000000001122221222122212221222122121212121212111221223222222211211022021221101011111211
2222223232232222322232223222232232223222222222222101000000000000000000000000000000112222212222122212212212222222212121111112232222222222222222222222101011121121
2222232222322323223223232232322322232222322222222010000000000000000000000000000000122221222121222122222122122121222121011222222222223222322222222222221101111211
2232222232223222322322322322223223222322222322221100000000000000000000000000000000112122212222221222121222221222212210001122323222322223222322322222221011112112
2222232222322232323232232323232232232223223222222000000000000000000000000000000000012212121212122212222222222222222110001222222322222322223223222322222110111121
2232222323223232323223232323232322322322232222221010000000000000000000000000000000012121212121212121212212212212222212112222323223223223222222222222221001011111
2222322232232323232323223232323223223223222232221000000000000000000000000000000000011212121212121212122122222222322222222223223232232232232323223222122000010111
2223222322322232232232323233232323232232232322220100000000000000000000000000000000002121212121212221222222222223222232222232232322222322322232232222221000010111
2322223223223223232323232322323232322322322222211000000000000000000000000000000000001212121212221222222222322222323222232322323232323223223222322232211000101111
2222232232232322323232323232323223223223223223110000000000000000000000000000000000001211212121212222222222222222222222322223232322232232232232222322212000010111
2223222322322232323232332323232323232323232232110000000000000000000000000000000000001100212122121222222232223223232232223232323232322322322322323222212000010111
2232223222232323232323232232323232323232222322100000111010000000000000001000000000001000121212122132222222222222223222322323232323223223223223222222221100101111
2322232223223232323232323223222223222322323222100001000100000000000000000000010000000100121212221222122222222222232232232322323232232232322322323223222101011111
2222322232322323232323232322323232232232322232100000000000000000000000000000000000001000121221212222222222222223223223232232332323223232232232232232221110101111
2232222322232323323232323233232323232323223222100000000000000000000000000000000000000100112121222122222222222232232322323232323332232322323232322222222100101011
2322232223223233233233232323232323232323232232100000000000000000000000000000000000000000212212212222222222222222323222232323233232323223232322232232222000010111
2222322322323232332323323233323232323232322322110000000000000000000000000000000000000100121212122222222222222223222322323232323323232232322323223222322100101111
2323222232232323323232323323232323232323232223100000000000000000000000000000000000000001212122221222222222222222232322232323123232322323223232232232222101011112
2222223223223232332333232332323323323232322322200000000000000000000000000000000000000002121221212222232222222122223222323233332332232322323223223223222201011121
3223232232232323233232323233233232232323223222200000000000000000000000000000000000000011212212222222222222222222232322232332323323232232323232322322322201111211
2232222322323232332323233323232323232232232232200000000000000000000000000000000000001021212122212222322232222222223232323233333232323232232323223232223210112121
2322232223232323233233323232333232323223222322200000000000000000000000000000000000000112121221222222222222232222323222232332323332322323232322322322322211121212
3222322323223232323232332323323232232322323222210000000000000000000000000000000000001021212212221222322222322223232322323233233232323232323232232323223211212122
2223223232232323232323232333232323232232232222210000000000000000000000000000000000000112122122222222223222222222323232232323332332232323232323232232232312121221
2322232223232232323332333232332323223223222322210000000000000000000000000000000000001221221222212222322222232223232322323233233323323232323232323232322221212212
2223223232323232323232323323233232323232232222220000000000000000000000000000000000001212212212222222223222322223223232232323323232232323232323232323232321222122
3232232223222323232323332323323223232223222322211000000000000000000000000000000000002121221222221222322222222222323222323232232323232232323232323232323222121222
2222322322323232323332323233232323223232232222220000000000000000000000000000000000002212212212222222222232222232232322232332222323232323232323232322322312222222
2323223232232323232323232332323232322322322232211000000000000000000000000000000000012221222122221222322322322223233232223233323332323232323232323232232321212222
3222322323232323233233323323233232323223223222211000000000000000000000000000000000012222121222212223222223222223232322232323233233232323232323232323232222222212
2232232232323232323232332332332323232232232222221100000000000000000000000000000000012221222221222222222322322232323232223233333332323223223232323232323222221222
2322323223232323232323323233232323232322322232222000000000001000000000000000000000022222121212222222322223222222232322323323232323232322332323232323232322222222
3223222322323232323233232323323232323223222321212110000000000000000000000000000000112221222222222132222232222223323232232333333233223232323232323232323222222222
2232232232323232332332323233232323232232222212212110000000000000000000000000000000112222212122222222232322322223232322323232323332323223232323232323232322222222
3223223232232323232323323323323232322322222122121210000000000000000000000000000001011221222222221222322223222222323232323333333233232323232323232323232322222222
2322322323232323233233232323232323222222221221212111000000000000000000000000000010012112212212222222222322222223232323232323323332323232323232323232323232222222
3223232232323232323323233232322222222222212212121120000000000000000000000000000000011112122122222222322232322223233232223333233323232323232323232332323322222222
2232223232232323233232323232222221222122122121112111100000000000000000000000000000011121212222222123222322222222323322332332333233232232323232333233232322322222
2322322323232323232323232222212212212121211211212120000000000000000000000000000000011211121121222232232223222223232323223323323332323232323233232322323232222222
3223232322323232323232322222122222122212122121121211010000000000000000000000000000111111111212222222223232322222323232233233332323232323232323323233233323222322
2322323232323232323323222222222121222122212212121111000100000000000000000000100000111112111112121222322223222223232322323333233233323232323323233232332323223222
3223232232323232332231222221222222212221122121212121000010000000000000000010000000111211111211212222222322232232232323232332332333232332332332332323323232322222
2232322323232323223222222212221212122121221212111211000011000000000000000100000000111112112112121212122223222222323232333323333332333233233233233233232332232223
3223223232323232322222221222212221221222121221212111000000110000000000010000000001111211121121112121222222222323232323323233323323323332332332332332333233322323
2322323232323232222222212221222122122121212121211211100000101000000001000000000001111121211211211212212122222232323233233332333233233323323323232323323323233233
3223232323232322222222122212221221212212121212121121100000001010000100100000000001111211121112121211121221222222232332332323323332332332332332333233232332332333
2323232332323222222221222122212212221212212121212111100000000010001000000000000001111112112121212122122112121212223323323333233233323323323323332332333233323323
3232333232322222222222221221221221212121211212121211110000000000000000000000000011111211211212121212212121212122222232333232333332333333233233323323332332333333
2323232323222222222222212212212212212212122121211121111000000000000000000000000011111121121121212121212121121212122233232333323233323232333332333233233323332323
3233323232322222222221222122122122121211211112112111211100000000000000000000000011111211211211212121221212112121212222333323233323233333332323323333332333233333
3232323323212122222222212221221212122121212121121121111110000000000000000000000111112112112121211212112112121211221222323233332333332323233333233323233323332333
3233232322222222222212221212212121211212121111212111111111000000000000000000000111111121121212121212211211212112112212332333233232323332332323232333323233233323
3232323222222122221222122122121212122121112121121121121111000000000000000000001111112112112111212121121121212121212122233332332333233323323332223323233332332333
3323232322221221222222212212121212121211211211211211111111100000000000000000001111111121121121211212212121211212121212223233323323332333233322222233332323323323
3232323222222212212212121221212121212112121112111111111211110000000000000000001111112111211212112121121211212121211221223332332333233323332332222223233333233233
3233232222221222122122221212121212121121211211112121111111111000000000000000011111121112112111212121211121121212121121222323323323332332333322222222323232332333
3232322221222212212222122212112121211212112112111111211111111110000000000000111111111121121121121212112121212121212112213233233233323333323232222222223323223232
3323222222221221221212212121211212112111211121112112111111111110000000000001111111111211211212112121121211212212121212121222332333233323233322222222222222322323
3232222122222122122122121212121121121121112111121111111111211111000000000111111111121112112111211212121121121212112121212212323332333233332323122322222232223233
2322222222212212212212212121112112121112121112111121121111111111110100101111111111211111211121121121211212121211221212121221233233323332333232222222222322232233
3222222122221221221212121211211211211211111211112111111121111121111111111111111111111121112112112112112111212121212121212121223323233233323223212222222222322323
3222221222222122212121212112121121121111212111121111211111111111121111111111111111111211211121211211211212121212121212111212113233332332332223212222223222223233
2222222221221212122121212121211211211112111112111112111111211111211121112111111112112111112112112121121121212121211121121212122332323333322232212222222223222323
2222222122221221221212121211121121112111112111111111111121111111111211121111111111111111211121121112112111211212112112112122211323332323232323221222222232222233
2222212222222122212121221121211211211111111111121112111111111111111111111111111111121111121111211211121121212111212121121212211233233332323232320322222222223232
2222222212221212122122121211212112111211111121111111111111211111111111112111111121111121211212112112111211211212121112121212211232332323232323221122222222232232
2222222122222121222121212112112121112111111211111111111112111111111111111111111111111111111111121121121112112121212121121212131132323323323232321132222222322232
2221221222221222122121221121212111121111111111111112111111111211111111111111111111111211121112111211111211121112121211212121221113332323232323222022222222222232
2222222221222212212212121212121111211111111111111111111111121111111111112111111111112111111111121111212112111221212112121212122113232323223232332022222222222323
2212122122222121221221222121211121111110111111111111111111211111111111121111111111121111121121112112111121121121221121112121222112323232332323222112222222222232
2122221221222212121212112112111111111100000011111111211111111121111111111111111111111111111111211121112111112121112111212121213111323223232323232202222222222223
2221212212212222122121212121112111111000000000111111111111111211121111111111111111111111111111111211121211121211121121121212122111322332323232323202222222222233
2122222122122221212121212111211111111000000000111111111111111111111111211111111111111111111112112111212111112111212112112121212301232323232333232202222222222223
2221221221212222122212121212112111111000000000011111111111111111112121111111111111111111111111111121121111212121121121121212121301132322323323223210221221222232
2212212212122221221221212111121111110000000000011111111111111111110111111111111111111111111111121211211121121211211211212121212211123233232232332220222212222223
2122222122212122212222121121211111110000010000010111111111111110000111010101011011111111011111111112121211212112121112121212121230123232332323232320122122212223
2222121221221222122222212112111111110000000000010110111111111110000101101011101110101100101111112121211211221121212121112112121221022332322222323220122212122223
2222222222122112221122221121111111100000000000000001000111001100000010000000000000000000000011111111112112111222211111121121212230113323222333333322022122222223
