2122122222223332222222222222222222222222222222222223233212122222121211211121112112112121212122223222222222221100000002010001001011010111112121111112122223232323
1221222122233322222222222212212212212212222222222223322111111222212121121211211211212112121212222221221222222121100000110101011101101112121111121222222222223233
2212222222233222222222222122222222222222222222222233221211111112222121212112112112121212121221222212122222222211010100011010111011112121111111212121212222223233
2122212222332222222222221222222122221222222222222332212111111111222212121121121121112121212122222121221222222211100001010111101111111111111112111212122222232323
2221222223323223222222222222221222212232222222223231211111111111112221211211211211212112121222221212122222222211101010101101011111111111111111112112212223323233
2122222233232222222222222222212222222322222222233312111111111111111222212121121121211212122212221121212222221111110101110111111111111011111111111121122222323323
2222222232322222222222222222122222222222222222332121112111111111111122221212112112121121212222211212122222212121010110101111111111101111011111121212222222233233
2122222332222222222222222212222222222222222223322111211111111111111112222121211212112121222222111121222212111100101011011111111101011101111112121221222223222333
2222223322322322222222222222222222123222223232311212111111111111111111222212121121121212122221112112121121111011010110111111110111101011112121222222222323232333
2222233223223222222222222222222222232222222323121121111111111111111221112221212121212121222211121121112211101010101111111110101101011111121122122222323232323333
2223332322232222222222222222222321222222223231211211111211111111112111112212121212121212222211111112221110101101111111111011011010111111122222323223232323233233
2232333232322222222222222222222222222232232312112111121111111111121111111222212121112121222111111212111011011111011111101101101011111112222232222332333332332333
2323332323222322222222222222222232222222323121121112111111111111211112111122221212121212220111111111101101111101111110010101010111111222222222222223233233323323
3233333323223222322222222222222323232122131212112111111111111121211121112112212121212122111111011110111111110111111001101010101111122222212212121222223232323233
2333333332322232222222222222223223222221221211211121121111111212111111111121222121121211111101110101111111011111110101010101011112222212121121212122222232323232
2333333323232322222222222222232232332322212121121211111111112121111211121111122212112112101010101111111010111111001010101101111222221212112112112121222222232232
2222333333323222222222222222322322223232221212112111111112111211112111211121212121111110110111111110101011111110101011011011122222121121121121121112121222222222
2222233333332323222322222223223232323321212121121111211121112111111111111211121211111011011101010101011111111001010101110111222212112111111111111121121212212222
2222223333323232223222222232232222233122121211211121111111121111211211211112111211101101101011011010111111110101101111011122221211211111111111111111211212122222
2122222233333322322222222322322232232212121121112111111211211211112111112111111010101010110101100111111111001011011110111222212121111111111111111111111111211212
2212222223333233223222223223222323322121212112120111211112112111211112111121111111011011011010111111111100110110111101113232211211111111111111111111111121112122
1221212222333323232223232232232232222212121211000000011221121112111211112111110101101101110111111111110101011101111011223223221111111111111111111111111111111121
2212222222233332323232322322322322221221212100101001000011111121112111121111111110110111011111111111010111110111110112221122322111111111111011111111111111111211
2122212122222333332323232323223222212212110001000010000000121111121112111211110111101101111111111101011011011111011122121111132211111101101111011011111111111111
2222122222222323323332323232231222122121000100010000100001001121111121121111111101111111111111110110110110111110112221211111122211101111011011110111111111111111
2212222122222223333333332322321222221200001000001010010010001111211211211111110111011011111111011011101102111101121212211111112321011010110110101111011111111111
2222221222212222323333323232222221211000010000101000100100010111011112111111101110110111101101101101011121110111212223332201112221110111011101111101110111111111
2222222222222222232333333322222212210000000010010101001010000101000121102111111101111111011011011011111211001112121223333321101232101101101011010110101111011111
2222222222222222222323332232222222000000000100101100101110001011010010111111111011111101110110110111112010111121111122222233111132111010101101101101111011111111
2322222222222222222223233322222211000000101001010110101111000111100101111111111111101011101111011111110101112111111212211123311122210101010101011011010110111111
2123222222222222222222233232222210000000000010101010111110010111100010111111111111011111011101111111011021211111111111210222321113211011011010101010101101110111
2221232232222222222212223323222000000000010101010101010100100112110100111111111011111101110111111101111221111111111111211202232112211101010101010101011011011111
1212222222222222222222222232220000000000100010101010101001001112110010111111101111101110111110110111122211111101010111121123122211211010101010101010110110110110
2122122222323222222222212223100000000000000101010101010010011111111101111111111110111101101011101112223111110110101101112121123111121101010101010101010101101101
1212221222222223222222221211000000000000010010101010101001010110111001101110111101111011011111112122322111101010101011111221212211111101101010101010101010110111
2121212212222232232322212110000000000000000101010101000110001111010101011011110111101111112111211222231111010101010111011211112211111010101010101101010101011011
1212121222122222223222122000000000000000100010101010101000101110111010111111101111111111221112111213221101010100101010111112112111111101010101010010101010101110
2121122121222212222222220000000000000000000100010101010010110121101101011111111111111121221111112222301110101010010101011111212111110101010101010101010101010101
1212112122122122222221200000000000000000001000101010100100100112121210111111111211112112211111112122111010101001001010111111122111101010101010101010101010101011
1212121212212222221222100000000000000000010000010101011001001010100101111111111121111212111211112122111101010010101010101111111111011010101001010101010101010110
2121211121122121212221000000000000000010000001000010100110010001001010111101111201121212112110121221101010101001010101110101111011101010101010101010101010101101
1112121212212212222120000000000000000000000000001001011010100101010001101111112011212121121101111211011101010100101010101111101111010101010101010101001001010111
1121121211212121212200000000000000000000010000010010101111001010100110111111111112112111211011112111110110101010100101011011011110101010101010101010100101011011
1111212111121212121100000000000000001001000000000000010101111101101011101111111111121111111101111110101010101001010110110110111101010010101111110101010101010111
1112111221112121211000000000000001000010010000001001001011211222121212121111111111211112111011121111110101010101001011011111110110100101011011121110101010101110
1111121112111212120000000000000010000100100000010000010101222211221221211111111112111121110111111101010110101010101101110110111010001011111111222210010101011011
1011111212121121200000000000000000001001000001000010100010112221212101011111111111111111111011211011101010101010101010101101101001010110111011122222101010110111
1111112111211111000000000000000100010010010010000100001010110001010101101111111121101111110111110110101101010101010101111011010100101011111111111232201010101111
1011111121121210000000000000010000101010100100010001010001001010001010111111111111021111110111111101010101010101011011010110101010101111111211111122221011011111
1110111111211110000000000000100001001101111010101010000100100100100101121111111110111112101112110110101010101010110110111010100101010112222222111012322101111111
1111111112111100000000000010000000110111111111010101010010001001001011211111111101111121101111101101010101010101101111010101001010101102010223321111222210111111
1111011111111000000000000000000101111111111111111110101001010100101112211010111011111211011121110101010100101011011101101000010101010111201112232101022211101112
1111111111110000000000001000001011111111111111111111010100101011112121010101100111112111111112011010101010101010110110010010101010101101112122133110102211111213
1111111111100000000000000001000111111111111111111111111011112222110101001011010110121211102121101010100101010111101101001001010101010111112122123211010221111223
2121121211000000000000010010011111111110111111101101112122221000101010010110010102122011021111010101010100101010111010100010101010010101111211212311011211112233
1212211110000000000000100000101111111101110101011111111110001010101001011000101111211111111211101010101010101101111010001001010100101011011121113320101211122333
2221211100000000000000000101011111111111111010101010101010100101000010100100101112121111112111010101011010101011010100100101001001010101111111113321111211223333
2212121000000000000001001001111111111111101011010101010001010000000101001001011121202111121120110101111110101010111101001010101010001010101111122321111212233332
2221210000000000000000010010111121111111010101101010000110000000001000010001011121111111112120101010102111110101011010101001010100101010110101122221111213333322
2212100000000000000010100111112111111110110101010001011001000010100101000010111211112111211121010101011221111100101111110101010010010101001011102111112133333221
2221010000000000000100010111121111110101101010101010100010001100010000001011112111111111121220101010111212111101010111110101010100101000100101011111111333332212
2210100000000000000001011111211111011010101001000101000100010010101000101011111101121112111320101101111221111110101011111010100010010010010010101011113333322121
2200000000000000001000111112111110101011000100101000010000101001000010101111211012111111212221010011011111021111010010010101010101001001001001010111133333221212
2000000000000000010011011121111101010100010010010010001010010010000101011112110121121112112220101101110121101111100100100010101000100100100100101111233332212121
0000000000000000100010111211111011001000100100100101010101000100001001111221101111211112123211010011011102011121110001001010010010010010010010101112333322211212
0000000000000000001011121111111100010001000010010000100000000000101011112211011111111121132120101010111011111011110100010001001001010100100101011123333222112121
0000000000000001010111112121111010000000001000100010000000001001010111221110111111111111322211010101111010111111111001000100100101001001001010111333322221121111
0000000000000010001111211111110000000100100101001001001010100100111122211101111111111122222110101010111101111111210010001001010100100100101011123333232211112111
0000000000000100111112121211100000101001001010110100100100101011112222110011011111111222321111010001011110011121211001010010001010101010101102333322312111211111
0000000000000001011122111111000010000010000101011111111010011212222211001110111111122222211101010100101111010112221010000100101001010101011133323223222111111111
0000000000001010111211111110001000010101010000000010010101111121111100111101111122222222111010101001010111101111111101010010010101010101112333232222221112111111
0000000000010010111111111010010000100000011222212111101010101101010011010111102222222121110101010100100101111010111110001001101010101111233332322222211111111112
0000000000100101212211111100000001000112333323233323221211111010101111111111022322121211101010101010001011111101010101010101010101111123333323222222111111110121
0000000000001011121111111000000010012233323232332321112122232212011111111010222212121111010101010101010010101010101010101010101011112333332323222221111111101213
0000000001010112211111110000001012233323233323323111121222221111111010101111112121111110101010101010100101011101010101010101011111133332333231212211111110111223
0000000010011112111101100000011232323232332333221111122222211111111111111101121211111101010001010101001001010101101010101011110113333233323222122111011101112232
0000000001011121211011000001122323233233233232211211222221110111111111010111111111111010001010100101010101001010101101010110111333323332322212222101110110113312
0000000100111122010110000012233233323323332322112113222201101101101010101010111111110100101001001010111010101011010110111111133232232323231221220101101101133121
0000001001111221110100001132323232332333233221111131221011011011011101010101101111101001010010010010101101010101101101110123321212222322311212210011011011321212
0000000011112221101000112323332333233232332211122222201010101101110110101010111111110100100100100101010011111110111112123321111111123222112122101011010112312121
0000010101112211101010223233233232332333323112122221010101011011011010101010101011010010101001001000100101011112122222321011212112222221212221010110101113121212
0000001011122110110112323323323323323323330112222210101010101101101101010101010110101010010010010010010101111111212221011212111122122211122211001101011122121212
0000100111121101011123232332332333233233221132222010101001011010110101010000101011010101000100001001001010111112122111211111112211212111222200110101011212121212
0000011011211010111323323233233232332333311222120101010101010101101010100101001010101010101000100100101011111121210111111111121121221111222001011010121121212121
0001001111210101122323232332323323323332213222101000101010101110110101010010010101010101000001001001010111111211011111101111111212111112220101010001111212121213
0000110111201011223232333233233233233233131220100101000101010101010101001000100010101100010100010010101111111010110101111111121121110113201010100101111212121222
0001011112010112232323323323323323332332322201001000101010101010101010100101001001011010100010100101011101010101101111110111111210101132010010010101011212122222
0010101111101122232332323232332333233323212000010010010001010101010101001000000101010110101010010101010101011011111010111111122011011320100101001011111021213221
0001011111011122323233233323323323323233120010100100100101010110101010100010010010101101101101101011101010110110100111111011210110113110010110100111121101232212
0101111211011223232332332332332332332332200100001001001010101010101010010100100100010111011010101110101101010101011111011121101001122101001001010211211111121212
0010112101111323323323323233233233323323000000100010010001010101010101001000001001010101111111111011010010101010101010111111010111221000110101002112121211102121
0101112010112232323233232332332332332331001001000100100100101010101010100010010000101010101111111111101001010101010111112101001022210010101010112121212111110121
0111121011113232332332323323323323323322000000001000001001010101010100010100100010010010101111111110110110101010111111210010011121100101010101021122221212111101
0101120101122323233233233233233233233231000010010001010010001010101010100000000100100101010111111111111101011111111121010100111211010010101010212222121211111110
0111200011132323323323323323332332332332000100000010000100101001010100001001001000001001011011111211111111111111121101000010212110100101010102122221221212111110
1012101101232332323232332332323323323323000000000100010001010101010010100010010001010010100110111121211111111121110100101102111101001011011021222212212121111111
0121000111323232332333233233233233233233000000010000000100100101001001000100000010000100010101111222122121211101001001010111111010011101101112222122122121211111
1111001111323323233232332332332333332332100000000000100010010010100100010001001000010001001010111212121110000010010010101111110100110011011132222221221212111211
1110010113232332323323323323323332323323200000000010001000100101010010000100010001001010010101011111101010101000100101111111001001101111111322221222212121121111
1200011113233232332332333233233233233233200000100000000010001010100100101000100010010000100010111110110100010010011111110110101011011101122222222212121212112111
1000101123323323323233232332332332332332310000000000100100100101001001000001000100100101001001001011010010100101111111011100100101110111222222212122212212121111
1001011232332332332332333323323323333323220000000010000001001010010010001010001001001000100100101101101101010111201010110010101010101112222222222221221212111211
0000111223233233233323323233233233323232330000000000001000010100100100010000100010010010010010010010010010111111010111001100010111011122222221212122121212121111
0001112232332323323233233332332333233323321000000100010001001001001000100010010100100101001001001001010111111010111100110001111101110111212122122212121212112111
0010222323323332332332332323323332332332331000000000000010010010010001000100100010010100100100100100101101010101101011001011011021222221111221221221212121211111
0002223233233233233323323333233323323323232000000000100100100101000100010001001001001001010010010001010011101111111010100111111222223222212012122121212121121121
0111332323323323323233233232332333233233323100001000000001001010010001001010010100101010001001001010001010110111010101011111132222232222222221121212121211211111
0113323233233233233332333333233323332332323100010000100100101000100100100100100010010001010100100100100101111100111010111223222323222222221212212121212121121111
1123233232332332332323323232333233233323232301000001001001010101001010101001010101001010100010101001011011112123211112133322212222322222222221212121212112111111
1232332323323323323333233323323332332333323210000010000010101010010101010101001010010100010101010101010113232321112212323211111113222222212122121212121211211111
3323333233233233233232332333233233323232323321010000010101010100101101101010100100101001001010101011111222222112232133231111111011222222221221221212112112111111
3232323323332332332333323323332332332333232330100101001010110101111010101010010101010010101001010111122232222233222333311111010110132222212212212121211211111111
3233332332323333323323233332323323323323333232010010010101101111010101010101010100101001010101011112222332332332232332011101111101112222222122121212121121121111
3232323323333232333233332323333233233233232323101100101111111101101010101010101010100101001010111122233323323323333321111011101111011222221221212121211211111111
3323333233232333323332333233323332332332333232310101111111111010101010101001010101010101010111112232333333333333323211110111011011101222222212121212112111211111
3232323323333323333233323333233233323323323323311111011221110101010101010101001000101010101111222323323323333323332111011110111101111022222122212121121112111111
3233233332323233323332333232332332333233233232331111122211010101001000100010010101010101011122222233233333333233321110111011101011010112222221212121211211111111
3232333233233333233233323333323333233332332333232111231110101010100101001001010010101011112222232332333333332333211011101101011110111102222122121212112111111110
2333233323332332333332333233233323332323323323232123311101010001001000100100100101010111222222213323333333233332110111011011101011010110322221212121121111111110
3323332332323323332323332332333233233233332332323323111010100100010010001001001010101222222231233333333332333221111101101101010101101101122222121212111121111110
3232323333233333323333323333332332332333233233323322111010001001000100100010010011122222222212332333333323332311101011010101101010110110132212212121121111111101
2323233332332332333233233323233323323332332332332321210100100010010001001000100112222222221213323333323333332211110110101010101101010101112222122121211111111110
3233323333233323332333333233332333233323323323323232111001001000000100010010011222222222121233333333233333232110101010110101010101101010112222221212112111211011
3232333332332333323332332333233323332333233233233323210100010001001000100101112222222111212333233332333323321101101101010110101010101011011322122121121121101112
3233232333323323333323333332332332333323332332332332311010100010010001000011222222211211223333333323333233221110101010101010110101010100101222221212111211111110
3232323333233233323333323323333233323233323323323323332100000100000010001122222221121122233323332333333333211011010101010101010101001010101122212121211111111133
3233233233332333233323333233323332333333233233233233233211010000010000112222222112112113333233333333332332210101010101011010101010100101010022222121121211111333
2323323333323332333233323333233233323232333332332332323331100001000101222222212121212233323333333333233323101101010101101101010101001000101012212212121111112333
3232332323333323333333233332332333233333323233323323332323311010001022222221121212133333233333323332333322011010101011011010101010010010010102221221212111123333
3323233233332333332332333323333323332323233323233333233233233210101222222212112223332332333333233333333230110101010110110101010100100101000010222121211111233333
3232323323333333233323333233323333233333332333332323332332332333233222221121233233323333333332333333332311101010111101111011010010010010010101212212212112233333
3323332332333233333233332333333233332332333323233233233323323232333333333333333332333333323333333332333211010101101111101101010101000100100010122122121122333333
3232323233333332333333323333233332333323323233332332332333233323323232332333323233333332333333333333332111101111011111011010101010010001000100122222121223333333
3333232332333323333323333332333233323333233332323333323323332333333333323332333333333233333333333332323110111011111111111101010100100100001001012221212133333333
3323323323233333333233323323332333233323332333333232333233233323232323333233333333233333333332333333331111101111111111101011010101001000100010012222121333333333
3233232332333332333333233333333333333233233323232333323332332333333333233333323323333332333333333333221111011111111111111110101010010001000100103221223333333333
3233323233233333323333333323332332332333332333333323233233323323233233332332333333333323333333333323311111111111111111101101110100100010000000012212223323333333
3323323232323333333332332333323333323332333323232333332333233333332332333323333233233333333333333333211111011110111111111110101010001000001001002222122333333333
3232332323332333323333333333233333233323323233333323233323332323233323332333332333333333333333333323211111111011111111111011010101010001000000102222322333333333
3323333233233233333333323332333323333233333333233233332333233332332333323333323333333323333333333333111111110111112111110110101010100010000010011223322133333333
3232332332332333333233333323333333323333323323332333233323332333323332333323333333233333333333333332121111111111111111111101110101001000001000101233332223333333
3323233323233233333333332333332332333332333233323332333233233323333233332333323333333333333333333322111111101111112111111111011010010000010000002233323223333333
3233232332332323333323333333233323333233332333233323332333332333233333233333233333333333333333333321212111111111121111111011101010100100100001011333332322333333
3232323333233232333333333323333233323333233332333233323332323332332332333323333333233333333333333321121111112111111111111111011010010001000000001333333222233333
3323332332332333233333333233323333333233333233332333233323333323333333332333333333333333333333333321211111120111121111111101110101001000000010011233332322333333
3233233233323323333333233333233332332333233332323332333233323333332332333333333323333333333333333221211111211111111111111111011010100100100000001213333232233323
3233323323332332323333333333333323333332333233333323332333233323323333333333323333333333333333333222121121311111211111111011101010101001000000102121232322323332
3232332332333233233233332333333233323333332333233233323333333233233323332332333333333333333333333221211212111111112111111110110101010010001001001212223222323232
2333233233233323323333333333233333333233323332333333233323323333333233323333333333333333333333333222212122212112121111111101101101001000100000002122222333233322
3232323323333232332323333333333332332333233333332323333333233332332333333333333333333333333333333322221222122111111111110111011010100101000100012233232322332322
3323233233232333232333333323333233333332333323323333323323333323333333333333333333333333333333333232212222222111211111111101101010010010001000102232323233333222
3232332332323332333232333333333333323333333333333332333233333233333233323333333333333333333333333322222222222112111111110111011010101000100001011333232233322322
3233233233233233323233233333323333233323332332333233332333323333332333333333333333333333333333333322222222222111111111111101101101010010001000012323232333233222
3232323323323323332323233333233333333333323333332333233333333333233333333333333333333333333333333333232232221121111111101011011010100100100010023232323332333233
2323232332332333333232332333333333332333233332333332333332333233333333333333333333333333333333333333323222221111111111111110110101001001000100132323232323332332
3232323233233232332333233333333233323332333323333323333323333333333333333333333333333333333333333333232222121111211111101011101010100100010001033232323333322332
3323233323323323320323232323332333333333333233333233333233332333233333333333333333333333333333333332322212211121111111011101010101010010100100132323223323223322
3232332323233233233332323333333333333323332333332333332333333333333333333333333333333333333333333322222122121111111111110110110101001000001001133232232222223322
2323232332332332332333332323333323333333333333323333333333333323333323333333333333333333333333333222221221211111121110111011011010100101010010232222211112133222
3333333333333333333333333333333333333333333333333333333333333333333333333333333333333333333333332222222211111111111111100100100000000000000000232221122111233222
